31 31 31 31 31 31 31 31 31 34 39 38 30 30 30 10 12 11 161 6 4 4 4 4 4 4 4 4 4 4 27 165 56 10 12 11 161 30 30 30 30 0 0 0 0 0 0 0 0 0 0 0 0 0 0 0 0 0 0 0 0 0 0 0 0 0 0 0 0 0 0 0 0 0 0 0 0 0 0 0 0 0 0 0 0 0 0 0 0 0 0 0 0 0 0 0 0 0 0 0 0 0 0 0 0
33 33 33 33 33 33 33 33 33 32 39 38 30 30 30 10 12 11 161 6 4 4 4 4 4 4 4 4 4 4 27 165 56 10 12 11 161 30 30 30 30 0 0 0 0 0 0 0 0 0 0 0 0 0 0 0 0 0 0 0 0 0 0 0 0 0 0 0 0 0 0 0 0 0 0 0 0 0 0 0 0 0 0 0 0 0 0 0 0 0 0 0 0 0 0 0 0 0 0 0 0 0 0 0 0
43 43 43 43 43 43 43 43 43 43 43 44 30 30 30 10 12 11 161 6 4 4 4 4 4 4 4 4 4 4 27 165 56 10 12 11 161 30 30 30 30 0 0 0 0 0 0 0 0 0 0 0 0 0 0 0 0 0 0 0 0 0 0 0 0 0 0 0 0 0 0 0 0 0 0 0 0 0 0 0 0 0 0 0 0 0 0 0 0 0 0 0 0 0 0 0 0 0 0 0 0 0 0 0 0
30 30 30 30 30 30 30 30 30 30 30 30 30 30 30 17 19 20 18 6 4 4 4 4 4 4 4 4 4 4 27 165 56 10 12 11 161 30 30 30 30 0 0 0 0 0 0 0 0 0 0 0 0 0 0 0 0 0 0 0 0 0 0 0 0 0 0 0 0 0 0 0 0 0 0 0 0 0 0 0 0 0 0 0 0 0 0 0 0 0 0 0 0 0 0 0 0 0 0 0 0 0 0 0 0
30 30 30 30 30 30 30 30 30 30 30 30 30 30 30 5 5 5 5 6 4 4 4 4 4 4 4 4 4 4 27 165 56 10 12 11 161 30 30 30 30 0 0 0 0 0 0 0 0 0 0 0 0 0 0 0 0 0 0 0 0 0 0 0 0 0 0 0 0 0 0 0 0 0 0 0 0 0 0 0 0 0 0 0 0 0 0 0 0 0 0 0 0 0 0 0 0 0 0 0 0 0 0 0 0
13 13 13 13 13 13 13 13 13 13 13 13 13 14 16 135 135 135 135 6 4 4 4 4 4 4 4 4 4 4 27 165 56 10 12 11 161 30 30 30 30 0 0 0 0 0 0 0 0 0 0 0 0 0 0 0 0 0 0 0 0 0 0 0 0 0 0 0 0 0 0 0 0 0 0 0 0 0 0 0 0 0 0 0 0 0 0 0 0 0 0 0 0 0 0 0 0 0 0 0 0 0 0 0 0
9 9 9 9 9 9 9 9 9 9 9 9 9 15 16 135 135 135 135 190 191 191 191 191 191 191 191 191 191 191 27 165 56 10 12 11 161 30 30 30 30 0 0 0 0 0 0 0 0 0 0 0 0 0 0 0 0 0 0 0 0 0 0 0 0 0 0 0 0 0 0 0 0 0 0 0 0 0 0 0 0 0 0 0 0 0 0 0 0 0 0 0 0 0 0 0 0 0 0 0 0 0 0 0 0
30 30 30 30 30 30 30 30 30 30 187 30 30 30 187 5 5 5 5 6 4 4 4 4 4 4 4 4 4 4 27 165 56 10 12 11 161 30 30 30 30 0 0 0 0 0 0 0 0 0 0 0 0 0 0 0 0 0 0 0 0 0 0 0 0 0 0 0 0 0 0 0 0 0 0 0 0 0 0 0 0 0 0 0 0 0 0 0 0 0 0 0 0 0 0 0 0 0 0 0 0 0 0 0 0
30 30 30 30 30 30 30 30 30 30 187 30 30 30 30 17 19 20 18 6 4 4 4 4 4 4 4 4 4 4 27 165 56 10 12 11 161 30 30 30 30 0 0 0 0 0 0 0 0 0 0 0 0 0 0 0 0 0 0 0 0 0 0 0 0 0 0 0 0 0 0 0 0 0 0 0 0 0 0 0 0 0 0 0 0 0 0 0 0 0 0 0 0 0 0 0 0 0 0 0 0 0 0 0 0
46 46 46 46 46 46 46 46 46 46 46 45 30 30 30 10 12 11 161 6 4 4 4 4 4 4 4 4 4 4 27 165 56 10 12 11 161 30 30 30 30 0 0 0 0 0 0 0 0 0 0 0 0 0 0 0 0 0 0 0 0 0 0 0 0 0 0 0 0 0 0 0 0 0 0 0 0 0 0 0 0 0 0 0 0 0 0 0 0 0 0 0 0 0 0 0 0 0 0 0 0 0 0 0 0
36 36 36 36 36 36 36 36 36 35 39 38 30 30 30 10 12 11 161 6 4 4 4 4 4 4 4 4 4 4 27 165 56 10 12 11 161 30 30 30 30 0 0 0 0 0 0 0 0 0 0 0 0 0 0 0 0 0 0 0 0 0 0 0 0 0 0 0 0 0 0 0 0 0 0 0 0 0 0 0 0 0 0 0 0 0 0 0 0 0 0 0 0 0 0 0 0 0 0 0 0 0 0 0 0
31 31 31 31 31 31 31 31 31 34 39 38 30 30 30 10 12 11 161 6 4 4 4 4 4 4 4 4 4 4 27 165 56 10 12 11 161 30 30 30 30 0 0 0 0 0 0 0 0 0 0 0 0 0 0 0 0 0 0 0 0 0 0 0 0 0 0 0 0 0 0 0 0 0 0 0 0 0 0 0 0 0 0 0 0 0 0 0 0 0 0 0 0 0 0 0 0 0 0 0 0 0 0 0 0
31 31 31 31 31 31 31 31 31 34 39 38 30 30 30 10 12 11 161 6 4 4 4 4 4 4 4 4 4 4 27 165 56 10 12 11 161 30 30 30 30 0 0 0 0 0 0 0 0 0 0 0 0 0 0 0 0 0 0 0 0 0 0 0 0 0 0 0 0 0 0 0 0 0 0 0 0 0 0 0 0 0 0 0 0 0 0 0 0 0 0 0 0 0 0 0 0 0 0 0 0 0 0 0 0
31 31 31 31 31 31 31 31 31 34 39 38 30 30 30 10 12 11 161 6 4 4 4 4 4 4 4 4 4 4 27 165 56 10 12 11 161 30 30 30 30 0 0 0 0 0 0 0 0 0 0 0 0 0 0 0 0 0 0 0 0 0 0 0 0 0 0 0 0 0 0 0 0 0 0 0 0 0 0 0 0 0 0 0 0 0 0 0 0 0 0 0 0 0 0 0 0 0 0 0 0 0 0 0 0
31 31 31 31 31 31 31 31 31 34 39 38 30 30 30 10 12 11 161 6 4 4 4 4 4 4 4 4 4 4 27 165 56 10 12 11 161 30 30 30 30 0 0 0 0 0 0 0 0 0 0 0 0 0 0 0 0 0 0 0 0 0 0 0 0 0 0 0 0 0 0 0 0 0 0 0 0 0 0 0 0 0 0 0 0 0 0 0 0 0 0 0 0 0 0 0 0 0 0 0 0 0 0 0 0
31 31 31 31 31 31 31 31 31 34 39 38 30 30 30 10 12 11 161 6 4 4 4 4 4 4 4 4 4 4 27 165 56 10 12 11 161 30 30 30 30 0 0 0 0 0 0 0 0 0 0 0 0 0 0 0 0 0 0 0 0 0 0 0 0 0 0 0 0 0 0 0 0 0 0 0 0 0 0 0 0 0 0 0 0 0 0 0 0 0 0 0 0 0 0 0 0 0 0 0 0 0 0 0 0
31 31 31 31 31 31 31 31 31 34 39 38 30 30 30 10 12 11 161 6 4 4 4 4 4 4 4 4 4 4 27 165 56 10 12 11 161 30 30 30 30 0 0 0 0 0 0 0 0 0 0 0 0 0 0 0 0 0 0 0 0 0 0 0 0 0 0 0 0 0 0 0 0 0 0 0 0 0 0 0 0 0 0 0 0 0 0 0 0 0 0 0 0 0 0 0 0 0 0 0 0 0 0 0 0
33 33 33 33 33 33 33 33 33 32 39 38 30 30 30 10 12 11 161 6 4 4 4 4 4 4 4 4 4 4 27 165 56 10 12 11 161 30 30 30 30 0 0 0 0 0 0 0 0 0 0 0 0 0 0 0 0 0 0 0 0 0 0 0 0 0 0 0 0 0 0 0 0 0 0 0 0 0 0 0 0 0 0 0 0 0 0 0 0 0 0 0 0 0 0 0 0 0 0 0 0 0 0 0 0
162 162 162 162 162 162 162 162 162 164 39 38 30 30 30 10 12 11 161 6 4 4 4 4 4 4 4 4 4 4 27 165 56 10 12 11 161 30 30 30 30 0 0 0 0 0 0 0 0 0 0 0 0 0 0 0 0 0 0 0 0 0 0 0 0 0 0 0 0 0 0 0 0 0 0 0 0 0 0 0 0 0 0 0 0 0 0 0 0 0 0 0 0 0 0 0 0 0 0 0 0 0 0 0 0
162 37 37 162 37 37 162 37 37 164 39 38 30 30 30 10 12 11 161 190 191 191 191 191 191 191 191 191 191 191 28 165 56 10 12 11 161 30 30 30 30 0 0 0 0 0 0 0 0 0 0 0 0 0 0 0 0 0 0 0 0 0 0 0 0 0 0 0 0 0 0 0 0 0 0 0 0 0 0 0 0 0 0 0 0 0 0 0 0 0 0 0 0 0 0 0 0 0 0 0 0 0 0 0 0
162 162 162 162 162 162 162 162 162 164 39 38 30 30 30 188 188 188 188 6 4 4 4 4 4 4 4 4 4 4 29 192 193 10 12 11 161 30 30 30 30 0 0 0 0 0 0 0 0 0 0 0 0 0 0 0 0 0 0 0 0 0 0 0 0 0 0 0 0 0 0 0 0 0 0 0 0 0 0 0 0 0 0 0 0 0 0 0 0 0 0 0 0 0 0 0 0 0 0 0 0 0 0 0 0
36 36 36 36 36 36 36 36 36 35 39 38 30 30 30 188 188 188 188 6 4 4 4 4 4 4 4 4 4 4 29 192 193 10 12 11 161 30 30 30 30 0 0 0 0 0 0 0 0 0 0 0 0 0 0 0 0 0 0 0 0 0 0 0 0 0 0 0 0 0 0 0 0 0 0 0 0 0 0 0 0 0 0 0 0 0 0 0 0 0 0 0 0 0 0 0 0 0 0 0 0 0 0 0 0
31 31 31 31 31 31 31 31 31 34 39 38 30 30 30 10 12 11 161 190 191 191 191 191 191 191 191 191 191 191 26 192 193 10 12 11 161 30 30 30 30 0 0 0 0 0 0 0 0 0 0 0 0 0 0 0 0 0 0 0 0 0 0 0 0 0 0 0 0 0 0 0 0 0 0 0 0 0 0 0 0 0 0 0 0 0 0 0 0 0 0 0 0 0 0 0 0 0 0 0 0 0 0 0 0
31 31 31 31 31 31 31 31 31 34 39 38 30 30 30 10 12 11 161 6 4 4 4 4 4 4 4 4 4 4 27 192 193 10 12 11 161 30 30 30 30 0 0 0 0 0 0 0 0 0 0 0 0 0 0 0 0 0 0 0 0 0 0 0 0 0 0 0 0 0 0 0 0 0 0 0 0 0 0 0 0 0 0 0 0 0 0 0 0 0 0 0 0 0 0 0 0 0 0 0 0 0 0 0 0
31 31 31 31 31 31 31 31 31 34 39 38 30 30 30 10 12 11 161 6 4 4 4 4 4 4 4 4 4 4 27 192 193 10 12 11 161 30 30 30 30 0 0 0 0 0 0 0 0 0 0 0 0 0 0 0 0 0 0 0 0 0 0 0 0 0 0 0 0 0 0 0 0 0 0 0 0 0 0 0 0 0 0 0 0 0 0 0 0 0 0 0 0 0 0 0 0 0 0 0 0 0 0 0 0
31 31 31 31 31 31 31 31 31 34 39 38 30 30 30 10 12 11 161 6 4 4 4 4 4 4 4 4 4 4 27 192 193 10 12 11 161 30 30 30 30 0 0 0 0 0 0 0 0 0 0 0 0 0 0 0 0 0 0 0 0 0 0 0 0 0 0 0 0 0 0 0 0 0 0 0 0 0 0 0 0 0 0 0 0 0 0 0 0 0 0 0 0 0 0 0 0 0 0 0 0 0 0 0 0
31 31 31 31 31 31 31 31 31 34 39 38 30 30 30 10 12 11 161 6 4 4 4 4 4 4 4 4 4 4 27 192 193 10 12 11 161 30 30 30 30 0 0 0 0 0 0 0 0 0 0 0 0 0 0 0 0 0 0 0 0 0 0 0 0 0 0 0 0 0 0 0 0 0 0 0 0 0 0 0 0 0 0 0 0 0 0 0 0 0 0 0 0 0 0 0 0 0 0 0 0 0 0 0 0
31 31 31 31 31 31 31 31 31 34 39 38 30 30 30 10 12 11 161 6 4 4 4 4 4 4 4 4 4 4 27 192 193 10 12 11 161 30 30 30 30 0 0 0 0 0 0 0 0 0 0 0 0 0 0 0 0 0 0 0 0 0 0 0 0 0 0 0 0 0 0 0 0 0 0 0 0 0 0 0 0 0 0 0 0 0 0 0 0 0 0 0 0 0 0 0 0 0 0 0 0 0 0 0 0
31 31 31 31 31 31 31 31 31 34 39 38 30 30 30 10 12 11 161 6 4 4 4 4 4 4 4 4 4 4 27 192 193 10 12 11 161 30 30 30 30 0 0 0 0 0 0 0 0 0 0 0 0 0 0 0 0 0 0 0 0 0 0 0 0 0 0 0 0 0 0 0 0 0 0 0 0 0 0 0 0 0 0 0 0 0 0 0 0 0 0 0 0 0 0 0 0 0 0 0 0 0 0 0 0
33 33 33 33 33 33 33 33 33 32 39 38 30 30 30 10 12 11 161 6 4 4 4 4 4 4 4 4 4 4 27 192 193 10 12 11 161 30 30 30 30 0 0 0 0 0 0 0 0 0 0 0 0 0 0 0 0 0 0 0 0 0 0 0 0 0 0 0 0 0 0 0 0 0 0 0 0 0 0 0 0 0 0 0 0 0 0 0 0 0 0 0 0 0 0 0 0 0 0 0 0 0 0 0 0
162 162 162 162 162 162 162 162 162 164 39 38 30 30 30 10 12 11 161 6 4 4 4 4 4 4 4 4 4 4 27 192 193 10 12 11 161 30 30 30 30 0 0 0 0 0 0 0 0 0 0 0 0 0 0 0 0 0 0 0 0 0 0 0 0 0 0 0 0 0 0 0 0 0 0 0 0 0 0 0 0 0 0 0 0 0 0 0 0 0 0 0 0 116 116 116 116 116 116 116 116 116 116 116 116
162 37 37 162 37 37 162 37 37 164 39 38 30 30 30 10 12 11 161 6 4 4 4 4 4 4 4 4 4 4 27 192 193 10 12 11 161 30 30 30 30 195 70 69 69 69 69 69 69 68 42 74 75 75 75 75 75 75 75 75 75 75 76 4 4 88 90 89 101 102 102 102 102 102 102 103 88 90 89 135 135 135 101 102 102 102 102 102 102 103 88 90 89 118 31 31 31 31 31 31 31 31 31 31 34
162 162 162 162 162 162 162 162 162 164 39 38 30 30 30 10 12 11 161 6 4 4 4 4 4 4 4 4 4 4 27 192 193 10 12 11 161 30 30 30 30 195 63 147 147 147 147 147 147 67 42 81 82 74 75 76 82 82 74 75 76 82 77 4 4 88 90 89 108 109 109 109 109 109 109 104 88 90 89 110 110 135 108 109 109 109 109 109 109 104 88 90 89 118 31 31 31 31 31 31 31 31 31 31 34
36 36 36 36 36 36 36 36 36 35 39 38 30 30 30 10 12 11 161 6 4 4 4 4 4 4 4 4 4 4 27 192 193 10 12 11 161 30 30 30 30 195 63 147 147 147 147 147 147 67 42 81 82 80 79 78 82 82 80 79 78 82 77 4 4 88 90 89 107 106 106 106 106 106 106 105 88 90 89 111 111 114 107 106 106 106 106 106 106 105 88 90 89 118 31 31 31 31 31 31 31 31 31 31 34
31 31 31 31 31 31 31 31 31 34 39 38 30 30 30 10 12 11 161 6 4 4 4 4 4 4 4 4 4 4 27 192 193 10 12 11 161 30 30 30 30 195 63 147 147 147 147 147 147 67 42 81 82 83 84 85 82 82 83 84 85 82 77 4 4 88 90 89 98 99 99 99 99 99 99 100 88 90 89 112 112 115 98 99 99 99 99 99 99 100 88 90 89 117 33 33 33 33 33 33 33 33 33 33 32
31 31 31 31 31 31 31 31 31 34 39 38 30 30 30 10 12 11 161 6 4 4 4 4 4 4 4 4 4 4 27 192 193 10 12 11 161 30 30 30 30 195 64 65 65 65 65 65 65 66 195 81 82 82 82 82 82 82 82 82 82 82 77 4 4 88 90 95 97 97 97 97 97 97 97 97 96 90 95 97 97 97 97 97 97 97 97 97 97 97 96 90 95 97 97 97 97 97 97 97 97 97 97 97 97
31 31 31 31 31 31 31 31 31 34 39 38 30 30 30 10 12 11 161 6 4 4 4 4 4 4 4 4 4 4 27 192 193 10 12 11 161 187 187 187 187 195 71 72 72 72 72 72 72 73 195 80 79 79 79 79 79 79 79 79 79 79 78 4 4 88 91 92 92 92 92 92 92 92 92 92 92 91 92 92 92 92 92 92 92 92 92 92 92 92 92 91 92 92 92 92 92 92 92 92 92 92 92 92 92 
31 31 31 31 31 31 31 31 31 34 39 38 30 30 30 10 12 11 161 6 4 4 4 4 4 4 4 4 4 4 27 192 193 10 12 11 161 30 30 30 30 195 71 72 72 72 72 72 72 73 42 83 84 84 84 84 84 84 84 84 84 84 85 191 191 93 94 94 94 94 94 94 94 94 94 94 94 94 94 94 94 94 94 94 94 94 94 94 94 94 94 94 94 94 94 94 94 94 94 94 94 94 94 94 94
31 31 31 31 31 31 31 31 31 34 39 38 30 30 30 197 198 199 200 6 4 4 4 4 4 4 4 4 4 4 201 192 193 188 188 188 188 30 30 30 30 195 71 72 72 72 72 72 72 73 195 83 84 86 84 86 84 84 87 84 86 84 85 4 4 4 119 119 119 119 119 119 119 119 119 119 119 4 4 4 4 119 119 119 119 119 119 119 119 119 119 119 119 119 119 119 194 194 194 194 194 194 194 194 194
31 31 31 31 31 31 31 31 31 34 39 38 30 30 30 10 12 11 161 6 4 4 4 4 4 4 4 4 4 4 27 192 193 188 188 188 188 30 30 150 150 4 4 4 4 4 4 4 4 4 4 4 4 4 4 4 4 4 4 4 4 4 4 4 4 4 4 4 4 4 4 4 4 4 4 4 4 4 4 4 4 119 119 119 119 119 119 119 119 119 119 119 119 119 119 119 194 194 194 194 194 194 194 194 194
31 31 31 31 31 31 31 31 31 34 39 38 30 30 30 10 12 11 161 6 4 4 4 4 4 4 4 4 4 4 27 192 193 10 12 11 161 30 30 150 150 4 4 4 4 4 4 4 4 4 4 4 4 4 4 4 4 4 4 4 4 4 4 4 4 4 4 4 4 4 4 4 4 4 4 4 4 4 4 4 4 119 119 119 119 119 119 119 119 119 119 119 119 119 119 119 194 194 194 194 194 194 194 194 194
31 31 31 31 31 31 31 31 31 34 39 38 30 30 30 10 12 11 161 6 4 4 4 4 4 4 4 4 4 4 27 192 193 10 12 11 161 30 30 30 30 47 48 48 48 48 48 48 48 48 48 48 48 48 48 48 49 4 4 4 4 4 4 4 4 4 4 4 4 4 4 4 4 4 4 4 4 4 4 4 4 119 119 119 119 119 119 119 119 119 119 119 119 119 119 119 194 194 194 194 194 194 194 194 194
33 33 33 33 33 33 33 33 33 32 39 38 30 30 30 10 12 11 161 6 4 4 4 4 4 4 4 4 4 4 27 192 193 10 12 11 161 30 30 30 30 51 52 52 52 52 52 52 52 52 52 52 52 52 52 52 53 119 119 119 119 119 119 119 119 119 119 119 119 119 119 119 119 119 119 119 119 4 4 4 4 119 119 119 119 119 119 119 119 119 119 119 119 119 119 119 194 194 194 194 194 194 194 194 194
162 162 162 162 162 162 162 162 162 164 39 38 30 30 30 10 12 11 161 6 4 4 4 4 4 4 4 4 4 4 27 192 193 10 12 11 161 30 30 30 30 165 166 166 166 166 166 166 166 166 166 166 166 166 166 166 56 119 119 119 119 119 119 119 119 119 119 119 119 119 119 119 119 119 119 119 119 4 4 4 4 119 119 119 119 119 119 119 119 119 119 119 119 119 119 119 194 121 120 120 120 120 120 120 120
162 37 37 162 37 37 162 37 37 164 39 38 30 30 30 10 12 11 161 6 4 4 4 4 4 4 4 4 4 4 27 192 193 10 12 11 161 30 30 30 30 165 57 58 166 166 57 58 166 166 57 58 166 166 57 58 56 119 119 119 119 119 119 119 119 119 119 119 119 119 119 119 119 119 119 119 119 4 4 4 4 4 4 119 119 119 119 119 119 119 119 119 119 119 119 119 194 122 123 123 123 123 123 123 123
162 162 162 162 162 162 162 162 162 164 39 38 30 30 30 10 12 11 161 6 4 4 4 4 4 4 4 4 4 4 27 192 193 10 12 11 161 30 30 30 30 165 166 166 166 166 166 166 166 166 166 166 166 166 166 166 56 119 119 119 119 119 119 119 119 119 119 119 119 119 119 119 119 119 119 119 119 4 4 4 4 4 4 119 119 119 119 119 119 119 119 119 119 121 120 120 120 124 123 123 123 123 123 123 123
162 37 37 162 37 37 162 37 37 164 39 38 30 30 30 10 12 11 161 6 4 4 4 4 4 4 4 4 4 4 27 192 193 10 12 11 161 30 30 30 30 165 166 166 59 60 166 166 166 166 166 166 59 60 166 166 56 119 119 119 119 119 119 119 119 119 119 119 119 119 119 119 119 119 119 119 119 4 4 4 4 4 4 119 119 119 119 119 121 120 120 120 120 124 123 123 123 123 123 123 123 123 123 123 123
162 162 162 162 162 162 162 162 162 164 39 38 30 30 30 10 12 11 161 6 4 4 4 4 4 4 4 4 4 4 27 192 193 10 12 11 161 30 30 30 30 165 166 166 61 62 166 166 166 166 166 166 61 62 166 166 56 4 4 4 4 4 4 4 4 4 4 4 4 4 4 4 4 4 4 119 119 119 119 4 4 4 4 119 119 119 119 119 122 123 123 123 123 123 123 123 123 123 123 123 123 123 123 123 123
43 43 43 43 43 43 43 43 43 43 43 44 30 30 30 10 12 11 161 6 4 4 4 4 4 4 4 4 4 4 27 192 193 10 12 11 161 30 30 30 30 30 30 30 30 30 30 30 30 30 30 30 30 30 30 30 30 30 30 30 30 30 30 30 30 30 30 30 30 30 30 30 30 30 4 119 119 119 119 4 4 4 4 119 119 121 120 126 122 123 123 123 123 123 123 123 123 123 123 123 123 123 123 123 123
30 30 30 30 30 30 30 30 30 30 187 30 30 30 30 167 168 169 170 6 4 4 4 4 4 4 4 4 4 4 27 165 56 167 168 169 170 30 30 30 30 30 30 30 30 30 30 30 30 30 30 30 30 30 30 30 30 30 30 30 30 30 30 30 30 30 30 30 30 30 30 30 30 30 4 119 119 119 119 4 4 4 4 119 119 122 123 125 124 123 123 123 123 123 123 123 123 123 123 123 123 123 123 123 123
30 30 30 30 30 30 30 30 30 30 187 30 30 30 30 5 5 5 5 6 4 4 4 4 4 4 4 4 4 4 28 165 56 5 5 5 5 30 30 30 30 30 30 30 30 30 30 30 30 30 30 30 30 30 30 30 30 30 30 30 30 30 30 30 30 30 30 30 30 30 30 30 30 30 4 119 119 119 119 4 4 4 4 119 119 122 123 123 123 123 123 123 123 123 123 123 123 123 123 123 123 123 123 123 123
13 13 13 13 13 13 13 13 13 13 13 13 13 14 16 135 135 135 135 16 42 42 42 42 42 42 42 42 42 42 42 13 16 135 135 135 135 16 171 13 13 13 13 13 13 13 13 13 13 13 13 13 13 13 13 13 13 13 13 13 13 13 13 13 13 13 13 13 13 135 30 30 30 30 4 119 119 119 119 4 4 4 4 119 119 122 123 123 123 123 123 123 123 123 123 123 123 123 123 123 123 123 123 123 123
41 41 41 41 41 41 41 41 41 41 41 41 41 175 16 135 135 135 135 16 42 42 42 42 42 42 42 42 42 42 42 41 16 135 135 135 135 16 172 41 41 41 41 41 41 41 41 41 41 41 41 41 41 41 41 41 41 41 41 41 41 41 41 41 41 41 41 41 178 161 30 30 30 30 4 119 121 120 126 4 4 4 4 119 121 124 123 123 123 123 123 123 123 123 123 123 123 123 123 123 123 123 123 123 123
40 40 40 40 40 40 40 40 40 40 40 40 40 176 16 135 135 135 135 16 42 42 42 42 42 42 42 42 42 42 42 40 16 135 135 135 135 16 173 40 40 40 40 40 40 40 40 40 40 40 40 40 40 40 40 40 40 40 40 40 40 40 40 40 40 40 40 179 11 161 30 30 30 30 4 119 122 123 130 4 4 4 4 119 122 123 123 123 123 123 123 123 123 123 123 123 123 123 123 123 123 123 123 123 123
9 9 9 9 9 9 9 9 9 9 9 9 9 15 16 135 135 135 135 16 42 42 42 42 42 42 42 42 42 42 42 9 16 135 135 135 135 16 174 9 9 9 9 9 9 9 9 9 9 9 9 9 9 9 9 9 9 9 9 9 9 9 9 9 9 9 177 12 11 161 30 30 30 30 4 119 127 128 129 4 4 4 4 119 122 123 123 123 131 128 128 128 132 123 123 123 123 123 123 123 123 123 123 123 123
30 30 30 30 30 30 30 30 30 30 30 30 30 30 30 5 5 5 5 6 4 4 4 4 4 4 4 4 4 4 26 165 56 5 5 5 5 30 30 30 30 30 30 30 30 30 30 30 30 30 30 30 30 30 30 30 30 30 30 30 30 30 30 30 30 30 10 12 11 161 30 30 30 30 4 119 119 119 119 4 4 4 4 119 122 123 123 123 130 119 119 119 122 123 123 123 123 123 123 123 123 123 123 123 123
30 30 30 30 30 30 30 30 30 30 30 30 30 30 30 17 19 20 18 6 4 4 4 4 4 4 4 4 4 4 27 165 56 17 19 20 18 30 30 30 30 30 30 30 30 30 30 30 30 30 30 30 30 30 30 30 30 30 30 30 30 30 30 30 30 30 10 12 11 161 30 30 30 30 4 119 119 119 119 4 4 4 4 119 122 123 123 123 130 119 119 119 127 128 132 123 123 123 123 123 131 128 128 128 128
46 46 46 46 46 46 46 46 46 46 46 45 30 30 30 10 12 11 161 6 4 4 4 4 4 4 4 4 4 4 27 165 56 10 12 11 161 30 30 30 30 30 30 30 30 30 30 30 30 30 30 30 30 30 30 30 30 30 30 30 30 30 30 30 30 30 10 12 11 161 30 30 30 30 4 119 119 119 119 4 4 4 4 119 127 128 128 128 129 119 119 119 119 119 127 128 128 128 128 128 129 119 119 119 119
36 36 36 36 36 36 36 36 36 36 35 38 30 30 30 10 12 11 161 6 4 4 4 4 4 4 4 4 4 4 27 165 56 10 12 11 161 30 30 30 30 74 75 75 75 75 75 75 75 75 75 75 75 75 75 75 75 75 75 75 75 76 30 30 30 30 10 12 11 161 30 30 30 30 4 119 119 119 119 4 4 4 4 119 119 119 119 119 119 119 119 119 119 119 119 119 191 191 191 191 191 191 191 191 191
31 31 31 31 31 31 31 31 31 31 34 38 30 30 30 10 12 11 161 6 4 4 4 4 4 4 4 4 4 4 27 165 56 10 12 11 161 30 30 30 30 81 82 82 82 82 82 82 82 82 82 82 82 82 82 82 82 82 82 82 82 77 30 30 30 30 10 12 11 161 30 30 30 30 4 119 119 119 119 4 4 4 4 4 4 4 4 4 4 4 4 4 4 4 4 4 4 191 191 191 191 191 191 191 191 191
31 31 31 31 31 31 31 31 31 31 34 38 30 30 30 10 12 11 161 6 4 4 4 4 4 4 4 4 4 4 27 165 56 10 12 11 161 30 30 30 30 81 82 82 82 82 82 82 82 82 82 82 82 82 82 82 82 82 82 82 82 77 30 30 30 30 10 12 11 161 30 30 30 30 4 119 119 119 119 4 4 4 4 4 4 4 4 4 4 4 4 4 4 4 4 4 4 191 194 194 194 194 194 194 194 194
31 31 31 31 31 31 31 31 31 31 34 38 30 30 30 10 12 11 161 6 4 4 4 4 4 4 4 4 4 4 27 165 56 10 12 11 161 30 30 30 30 81 82 82 82 82 82 82 82 82 82 82 82 82 82 82 82 82 82 82 82 77 30 30 30 30 10 12 11 161 30 30 30 30 4 119 119 119 119 4 4 4 4 4 4 4 4 4 4 4 4 4 4 4 4 4 4 191 194 194 194 194 194 194 194 194
31 31 31 31 31 31 31 31 31 31 34 38 30 30 30 10 12 11 161 6 4 4 4 4 4 4 4 4 4 4 27 165 56 10 12 11 161 30 30 30 30 81 82 82 82 82 82 82 82 82 82 82 82 82 82 82 82 82 82 82 82 77 30 30 30 30 10 12 11 161 30 30 30 30 4 119 119 119 119 4 4 4 4 119 119 119 119 119 119 119 119 119 119 119 119 119 119 194 194 194 194 194 194 194 194
31 31 31 31 31 31 31 31 31 31 34 38 30 30 30 10 12 11 161 6 4 4 4 4 4 4 4 4 4 4 27 165 56 10 12 11 161 30 30 30 30 81 82 82 82 82 82 82 82 82 82 82 82 82 82 82 82 82 82 82 82 77 30 30 30 30 10 12 11 161 30 30 30 30 4 119 119 119 119 4 4 4 4 119 119 119 119 119 119 119 119 119 119 119 119 119 119 194 194 194 194 194 194 194 194
31 31 31 31 31 31 31 31 31 31 34 38 30 30 30 10 12 11 161 6 4 4 4 4 4 4 4 4 4 4 27 165 56 10 12 11 161 30 30 30 30 81 82 82 82 82 82 82 74 75 75 75 75 76 82 82 82 82 82 82 82 77 30 30 30 30 10 12 11 161 30 30 30 30 4 119 119 119 119 4 4 4 4 119 119 119 119 119 119 119 119 119 119 119 119 119 119 194 194 194 194 194 194 194 194
31 31 31 31 31 31 31 31 31 31 34 38 30 30 30 10 12 11 161 6 4 4 4 4 4 4 4 4 4 4 27 165 56 10 12 11 161 30 30 30 30 81 82 82 82 82 82 82 81 82 82 82 82 77 82 82 82 82 82 82 82 77 30 30 30 30 10 12 11 161 30 30 30 30 4 4 4 4 4 4 4 4 4 4 4 4 4 4 4 4 4 4 4 4 4 4 4 191 191 191 191 191 191 191 191
31 31 31 31 31 31 31 31 31 31 34 38 30 30 30 10 12 11 161 6 4 4 4 4 4 4 4 4 4 4 27 165 56 10 12 11 161 30 30 30 30 81 82 82 82 82 82 82 81 82 82 82 82 77 82 82 82 82 82 82 82 77 30 30 30 30 10 12 11 161 30 30 30 30 42 42 42 42 42 42 42 42 42 42 42 42 42 42 42 42 42 42 42 42 42 42 195 195 195 195 195 195 195 195 195
31 31 31 31 31 31 31 31 31 31 34 38 30 30 30 10 12 11 161 6 4 4 4 4 4 4 4 4 4 4 27 165 56 10 12 11 161 30 30 30 30 81 82 82 82 82 82 82 186 36 36 36 36 35 82 82 82 82 82 82 82 77 30 30 30 30 10 12 11 161 30 30 30 30 42 42 42 42 42 42 42 42 42 42 42 42 42 42 42 42 42 42 42 42 42 42 195 195 195 195 195 195 195 195 195
31 31 31 31 31 31 31 31 31 31 34 38 30 30 30 10 12 11 161 6 4 4 4 4 4 4 4 4 4 4 27 165 56 10 12 11 161 30 30 30 30 81 82 82 82 82 82 82 118 133 134 133 134 34 82 82 82 82 82 82 82 77 30 30 30 30 10 12 11 161 30 30 30 30 6 6 136 137 142 42 42 42 42 42 42 42 42 42 42 42 6 6 6 6 6 6 190 190 190 190 190 190 190 190 190
31 31 31 31 31 31 31 31 31 31 34 38 30 30 30 10 12 11 161 6 4 4 4 4 4 4 4 4 4 4 27 165 56 10 12 11 161 30 30 30 30 81 82 82 82 82 82 82 118 31 31 31 31 34 82 82 82 82 82 82 82 77 30 30 30 30 10 12 11 161 30 30 30 30 6 6 138 139 142 42 42 42 42 42 42 42 42 42 42 42 6 6 6 6 6 6 148 149 149 149 149 149 149 149 149
31 31 31 31 31 31 31 31 31 31 34 38 30 30 30 10 12 11 161 6 4 4 4 4 4 4 4 4 4 4 27 165 56 10 12 11 161 30 30 30 30 81 82 82 82 82 82 82 82 82 82 82 82 82 82 82 82 82 82 82 82 77 30 30 30 30 10 12 11 161 30 30 30 30 6 6 138 139 142 42 42 42 42 142 136 137 142 42 42 42 42 42 42 6 6 144 147 147 147 147 147 147 147 147 147
31 31 31 31 31 31 31 31 31 31 34 38 30 30 30 10 12 11 161 6 4 4 4 4 4 4 4 4 4 4 27 165 56 10 12 11 161 30 30 30 30 81 82 82 82 82 82 82 82 82 82 82 82 82 82 82 82 82 82 82 82 77 30 30 30 30 10 12 11 161 30 30 30 30 6 6 138 139 142 42 42 42 42 142 138 139 142 42 42 42 42 42 42 143 143 145 147 147 147 147 147 147 147 147 147
31 31 31 31 31 31 31 31 31 31 34 38 30 30 30 10 12 11 161 6 4 4 4 4 4 4 4 4 4 4 27 165 56 10 12 11 161 30 30 30 30 186 36 36 36 36 36 36 36 36 36 36 36 36 36 36 36 36 36 36 36 35 30 30 30 30 10 12 11 161 30 30 30 30 6 6 138 139 142 42 42 42 42 142 138 139 142 42 42 42 42 42 42 143 143 145 147 147 147 147 147 147 147 147 147
31 31 31 31 31 31 31 31 31 31 34 38 30 30 30 10 12 11 161 6 4 4 4 4 4 4 4 4 4 4 27 165 56 10 12 11 161 30 30 30 30 118 133 134 133 134 31 133 134 133 134 31 133 134 133 134 31 133 134 133 134 34 30 30 30 30 10 12 11 161 30 30 30 30 6 6 138 139 142 42 42 42 42 142 138 139 142 42 42 42 42 42 42 143 143 145 147 147 147 147 147 147 147 147 147
31 31 31 31 31 31 31 31 31 31 34 38 30 30 30 10 12 11 161 6 4 4 4 4 4 4 4 4 4 4 27 165 56 10 12 11 161 30 30 30 30 118 31 31 31 31 31 31 31 31 31 31 31 31 31 31 31 31 31 31 31 34 30 30 30 30 10 12 11 161 30 30 30 30 6 6 138 139 142 42 42 42 42 142 138 139 142 42 42 42 42 42 42 143 143 145 147 147 147 147 147 147 147 147 147
31 31 31 31 31 31 31 31 31 31 34 38 30 30 30 10 12 11 161 6 4 4 4 4 4 4 4 4 4 4 27 165 56 10 12 11 161 30 30 30 30 118 31 31 31 31 31 31 31 31 31 31 31 31 31 31 31 31 31 31 31 34 30 30 30 30 10 12 11 161 30 30 30 30 6 6 138 139 142 42 42 42 42 142 138 139 142 42 42 42 42 42 42 143 143 145 147 147 147 147 147 147 147 147 147
31 31 31 31 31 31 31 31 31 31 34 38 30 30 30 10 12 11 161 6 4 4 4 4 4 4 4 4 4 4 27 165 56 10 12 11 161 30 30 30 30 118 31 31 31 31 31 31 31 31 31 31 31 31 31 31 31 31 31 31 31 34 30 30 30 30 10 12 11 161 30 30 30 30 6 6 138 139 142 42 42 42 42 142 138 139 142 42 42 42 42 42 42 143 143 145 147 147 147 147 147 147 147 147 147
31 31 31 31 31 31 31 31 31 31 34 38 30 30 30 10 12 11 161 6 4 4 4 4 4 4 4 4 4 4 27 165 56 10 12 11 161 30 30 30 30 118 31 31 31 31 31 31 31 31 31 31 31 31 31 31 31 31 31 31 31 34 30 30 30 30 10 12 11 161 30 30 30 30 6 6 138 139 142 42 42 42 42 142 138 139 142 42 42 42 42 42 42 143 143 145 147 147 147 147 147 147 147 147 147
31 31 31 31 31 31 31 31 31 31 34 38 30 30 30 10 12 11 161 6 4 4 4 4 4 4 4 4 4 4 27 165 56 10 12 11 161 30 30 30 30 117 33 159 160 33 33 33 157 158 33 33 33 157 158 33 33 33 157 158 33 32 30 30 30 30 10 12 11 161 30 30 30 30 6 6 138 139 142 42 42 42 42 142 140 141 142 42 42 42 42 42 42 143 143 145 147 147 147 147 147 147 147 147 147
31 31 31 31 31 31 31 31 31 31 34 38 30 30 30 10 12 11 161 6 4 4 4 4 4 4 4 4 4 4 27 165 56 10 12 11 161 30 30 30 30 30 30 30 30 30 30 30 30 30 30 30 30 30 30 30 30 30 30 30 30 30 30 30 30 30 10 12 11 161 30 30 30 30 6 6 138 139 142 42 42 42 42 42 42 42 42 42 42 42 6 6 6 6 6 146 147 147 147 147 147 147 147 147 147
31 31 31 31 31 31 31 31 31 31 34 38 30 30 30 10 12 11 161 6 4 4 4 4 4 4 4 4 4 4 27 165 56 10 12 11 161 30 30 30 30 30 30 30 30 30 30 30 30 30 30 30 30 30 30 30 30 30 30 30 30 30 30 30 30 30 10 12 11 161 30 30 30 30 6 6 140 141 142 42 42 42 42 42 42 42 42 42 42 42 6 6 6 6 6 6 148 149 149 149 149 149 149 149 149
31 31 31 31 31 31 31 31 31 31 34 38 30 30 30 10 12 11 161 6 4 4 4 4 4 4 4 4 4 4 27 165 56 10 12 11 161 30 30 30 30 74 75 75 75 75 75 75 75 75 75 75 75 75 75 75 75 75 75 75 75 76 30 30 30 30 10 12 11 161 30 30 30 30 6 6 6 6 6 6 6 6 6 6 6 6 6 6 6 6 6 6 6 6 6 6 190 190 190 190 190 190 190 190 190
31 31 31 31 31 31 31 31 31 31 34 38 30 30 30 10 12 11 161 6 4 4 4 4 4 4 4 4 4 4 27 165 56 10 12 11 161 30 30 30 30 81 29 29 29 29 29 29 29 29 29 29 29 29 29 29 29 29 29 29 29 77 30 30 30 30 10 12 11 161 30 30 30 30 6 6 6 6 6 6 6 6 6 6 6 6 6 6 6 6 6 6 6 6 6 6 190 190 190 190 190 190 190 190 190
31 31 31 31 31 31 31 31 31 31 34 38 30 30 30 10 12 11 161 6 4 4 4 4 4 4 4 4 4 4 27 165 56 10 12 11 161 30 30 30 30 81 29 29 29 29 29 29 29 29 29 29 29 29 29 29 29 29 29 29 29 77 30 30 30 30 10 12 11 185 13 13 13 13 13 13 189 189 13 13 13 13 13 13 13 13 13 13 13 13 13 13 13 13 13 13 13 13 13 13 13 13 13 13 13
31 31 31 31 31 31 31 31 31 31 34 38 30 30 30 10 12 11 161 6 4 4 4 4 4 4 4 4 4 4 27 165 56 10 12 11 161 30 30 30 30 81 29 29 29 29 29 29 29 29 29 29 29 29 29 29 29 29 29 29 29 77 30 30 30 30 10 12 184 41 41 41 41 41 41 41 189 189 41 41 41 41 41 41 41 41 41 41 41 41 41 41 41 41 41 41 41 41 41 41 41 41 41 41 41 41
31 31 31 31 31 31 31 31 31 31 34 38 30 30 30 10 12 11 161 6 4 4 4 4 4 4 4 4 4 4 27 165 56 10 12 11 161 30 30 30 30 81 29 29 29 29 29 29 29 29 29 29 29 29 29 29 29 29 29 29 29 77 30 30 30 30 10 12 183 40 40 40 40 40 40 40 189 189 40 40 40 40 40 40 40 40 40 40 40 40 40 40 40 40 40 40 40 40 40 40 40 40 40 40 40 40
31 31 31 31 31 31 31 31 31 31 34 38 30 30 30 10 12 11 161 6 4 4 4 4 4 4 4 4 4 4 27 165 56 10 12 11 161 30 30 30 30 81 29 29 29 29 29 29 29 29 29 29 29 29 29 29 29 29 29 29 29 77 30 30 30 30 10 12 11 182 9 9 9 9 9 9 189 189 9 9 9 9 9 9 9 9 9 9 9 9 9 9 9 9 9 9 9 9 9 9 9 9 9 9 9 9
31 31 31 31 31 31 31 31 31 31 34 38 30 30 30 10 12 11 161 6 4 4 4 4 4 4 4 4 4 4 27 165 56 10 12 11 161 30 30 30 30 81 29 29 29 29 29 29 29 29 29 29 29 29 29 29 29 29 29 29 29 77 30 30 30 30 10 12 11 161 30 30 30 30 6 6 31 31 6 6 6 6 6 31 31 144 181 181 181 181 181 181 181 181 181 181 181 181 181 181 181 181 181 181 181
31 31 31 31 31 31 31 31 31 31 34 38 30 30 30 10 12 11 161 6 4 4 4 4 4 4 4 4 4 4 27 165 56 10 12 11 161 30 30 30 30 81 29 29 29 29 29 29 29 29 29 29 29 29 29 29 29 29 29 29 29 77 30 30 30 30 10 12 11 161 30 30 30 30 6 6 31 31 6 6 6 6 6 31 31 145 151 151 151 151 151 151 151 151 151 151 151 151 151 151 151 151 151 151 151
31 31 31 31 31 31 31 31 31 31 34 38 30 30 30 10 12 11 161 6 4 4 4 4 4 4 4 4 4 4 27 165 56 10 12 11 161 30 30 30 30 81 29 29 29 29 29 29 29 29 29 29 29 29 29 29 29 29 29 29 29 77 30 30 30 30 10 12 11 161 30 30 30 30 6 6 31 31 6 6 6 6 6 31 31 145 151 151 151 151 151 151 151 151 151 151 151 151 151 151 151 151 151 151 151
31 31 31 31 31 31 31 31 31 31 34 38 30 30 30 10 12 11 161 6 4 4 4 4 4 4 4 4 4 4 27 165 56 10 12 11 161 30 30 30 30 81 29 29 29 29 29 29 29 29 29 29 29 29 29 29 29 29 29 29 29 77 30 30 30 30 10 12 11 161 30 30 30 30 6 6 31 31 31 31 31 31 31 31 150 145 151 151 151 151 151 151 151 151 151 151 151 151 151 151 151 151 151 151 151
31 31 31 31 31 31 31 31 31 31 34 38 30 30 30 10 12 11 161 6 4 4 4 4 4 4 4 4 4 4 27 165 56 10 12 11 161 30 30 30 30 81 29 29 29 29 29 29 29 29 29 29 29 29 29 29 29 29 29 29 29 77 30 30 30 30 10 12 11 161 30 30 30 30 6 6 31 31 31 31 31 31 31 31 150 145 151 151 151 151 151 151 151 151 151 151 151 151 151 151 151 151 151 151 151
31 31 31 31 31 31 31 31 31 31 34 38 30 30 30 10 12 11 161 6 4 4 4 4 4 4 4 4 4 4 27 165 56 10 12 11 161 30 30 30 30 81 29 29 29 29 29 29 29 29 29 29 29 29 29 29 29 29 29 29 29 77 30 30 30 30 10 12 11 161 30 30 30 30 6 6 31 31 6 6 6 6 6 31 31 145 151 151 151 151 151 151 151 151 151 151 151 151 151 151 151 151 151 151 151
31 31 31 31 31 31 31 31 31 31 34 38 30 30 30 10 12 11 161 6 4 4 4 4 4 4 4 4 4 4 27 165 56 10 12 11 161 30 30 30 30 81 29 29 29 29 29 29 29 29 29 29 29 29 29 29 29 29 29 29 29 77 30 30 30 30 10 12 11 161 30 30 30 30 6 6 31 31 6 6 6 6 6 31 31 145 151 151 151 151 151 151 151 151 151 151 151 151 151 151 151 151 151 151 151
31 31 31 31 31 31 31 31 31 31 34 38 30 30 30 10 12 11 161 6 4 4 4 4 4 4 4 4 4 4 27 165 56 10 12 11 161 30 30 30 30 81 29 29 29 29 29 29 29 29 29 29 29 29 29 29 29 29 29 29 29 77 30 30 30 30 10 12 11 161 30 30 30 30 6 6 31 31 6 6 6 6 6 31 31 145 151 151 151 151 151 151 151 151 151 151 151 151 151 151 151 151 151 151 151
31 31 31 31 31 31 31 31 31 31 34 38 30 30 30 10 12 11 161 6 4 4 4 4 4 4 4 4 4 4 27 165 56 10 12 11 161 30 30 30 30 81 29 29 29 29 29 29 29 29 29 29 29 29 29 29 29 29 29 29 29 77 30 30 30 30 10 12 11 161 30 30 30 30 6 6 31 31 6 6 6 6 6 31 31 146 180 180 180 180 180 180 180 180 180 180 180 180 180 180 180 180 180 180 180
31 31 31 31 31 31 31 31 31 31 34 38 30 30 30 10 12 11 161 6 4 4 4 4 4 4 4 4 4 4 27 165 56 10 12 11 161 30 30 30 30 81 29 29 29 29 29 29 29 29 29 29 29 29 29 29 29 29 29 29 29 77 30 30 30 30 10 12 11 161 30 30 30 30 6 6 31 31 6 6 6 6 6 31 31 152 153 153 153 153 153 153 153 153 153 153 153 153 153 153 153 153 153 153 153
31 31 31 31 31 31 31 31 31 31 34 38 30 30 30 10 12 11 161 6 4 4 4 4 4 4 4 4 4 4 27 165 56 10 12 11 161 30 30 30 30 81 29 29 29 29 29 29 29 29 29 29 29 29 29 29 29 29 29 29 29 77 30 30 30 30 10 12 11 161 30 30 30 30 6 6 31 31 6 6 6 6 6 31 31 152 153 153 153 153 153 153 59 60 153 153 153 153 153 153 153 59 60 153 153
31 31 31 31 31 31 31 31 31 31 34 38 30 30 30 10 12 11 161 6 4 4 4 4 4 4 4 4 4 4 27 165 56 10 12 11 161 30 30 30 30 155 155 155 155 155 155 155 155 155 155 155 155 155 155 155 155 155 155 155 155 155 30 30 30 30 10 12 11 161 30 30 30 30 6 6 31 31 6 6 6 6 6 31 31 152 153 153 153 153 153 153 61 62 153 153 153 153 153 153 153 61 62 153 153
31 31 31 31 31 31 31 31 31 31 34 38 30 30 30 10 12 11 161 6 4 4 4 4 4 4 4 4 4 4 27 165 56 10 12 11 161 30 30 30 30 154 154 154 154 154 154 154 154 154 154 154 154 154 154 154 154 154 154 154 154 154 30 30 30 30 10 12 11 161 30 30 30 30 190 190 196 196 190 190 190 190 190 196 196 152 153 153 153 145 151 151 151 151 151 151 151 151 151 151 151 151 151 151 151
31 31 31 31 31 31 31 31 31 31 34 38 30 30 30 10 12 11 161 6 4 4 4 4 4 4 4 4 4 4 27 165 56 10 12 11 161 30 30 30 30 154 154 154 154 154 154 154 154 154 154 154 154 154 154 154 154 154 154 154 154 154 30 30 30 30 10 12 11 161 30 30 30 30 6 6 31 31 6 6 6 6 6 31 31 152 153 153 153 146 180 180 180 180 180 180 180 180 180 180 180 180 180 180 180
31 31 31 31 31 31 31 31 31 31 34 38 30 30 30 10 12 11 161 6 4 4 4 4 4 4 4 4 4 4 27 165 56 10 12 11 161 30 30 30 30 154 154 154 154 154 154 154 154 154 154 154 154 154 154 154 154 154 154 154 154 154 30 30 30 30 10 12 11 161 30 30 30 30 6 6 31 31 6 6 6 6 6 31 31 152 153 153 153 152 153 153 153 153 153 153 153 153 153 153 153 153 153 153 153
31 31 31 31 31 31 31 31 31 31 34 38 30 30 30 10 12 11 161 6 4 4 4 4 4 4 4 4 4 4 27 165 56 10 12 11 161 30 30 30 30 154 154 154 154 154 154 154 154 154 154 154 154 154 154 154 154 154 154 154 154 154 30 30 30 30 10 12 11 161 30 30 30 30 6 6 31 31 6 6 6 6 6 31 31 152 153 153 153 152 153 153 153 153 153 153 153 153 153 153 153 153 153 153 153
31 31 31 31 31 31 31 31 31 31 34 38 30 30 30 10 12 11 161 6 4 4 4 4 4 4 4 4 4 4 27 165 56 10 12 11 161 30 30 30 30 154 154 154 154 154 154 154 154 154 154 154 154 154 154 154 154 154 154 154 154 154 30 30 30 30 10 12 11 161 30 30 30 30 6 6 31 31 6 6 6 6 6 31 31 152 153 153 153 152 153 153 153 153 153 153 153 153 153 153 153 153 153 153 153
31 31 31 31 31 31 31 31 31 31 34 38 30 30 30 10 12 11 161 6 4 4 4 4 4 4 4 4 4 4 27 165 56 10 12 11 161 30 30 30 30 156 156 156 156 156 156 156 156 156 156 156 156 156 156 156 156 156 156 156 156 156 30 30 30 30 10 12 11 161 30 30 30 30 6 6 31 31 6 6 6 6 6 31 31 152 153 153 153 152 153 153 153 153 153 153 153 153 153 153 153 153 153 153 153